0.359521865845
0.597730875015
0.632836103439
1.012570858
1.38771510124
1.55784797668
1.59193205833
1.67197799683
1.68856287003
1.76815390587
1.81932997704
1.85869908333
1.97102808952
2.00690102577
2.02485704422
2.02802491188
2.09434485435
2.07730293274
2.13001203537
2.17571091652
2.24672985077
2.27298212051
2.28387498856
2.2965028286
2.31656193733
2.31582999229
2.32231116295
2.38065004349
2.39213109016
2.40782809258
2.41192483902
2.48562908173
2.47751879692
2.52842998505
2.72219586372
2.74222803116
2.73782896996
2.81538414955
2.78000187874
2.87321519852
3.06735491753
2.94363594055
3.14266610146
3.20020079613
3.27997303009
3.12361311913
3.13516402245
3.27284502983
3.27376294136
3.2855861187
3.12750697136
3.168446064
3.18666100502
3.32720518112
3.15868186951
3.07160305977
3.15595507622
3.14189505577
3.13012385368
3.38154196739
3.13222098351
3.21034789085
3.09033894539
3.33918809891
3.38147187233
3.37644004822
3.37612509727
3.20852184296
3.38173604012
3.1514070034
3.3773188591
3.37674403191
3.09525418282
3.40219402313
3.33147597313
3.31014609337
3.47038793564
3.47361803055
3.48225092888
3.48318719864
3.48540091515
3.35881614685
3.50824379921
3.50523090363
3.34971904755
3.51580286026
3.3877260685
3.35186004639
3.5174639225
3.25749802589
3.53533887863
3.38921308517
3.4254989624
3.57380795479
3.41620993614
3.69095206261
3.72845816612
3.72957491875
3.5644698143
3.51636600494
3.72726106644
3.74397206306
3.72727489471
3.47877597809
3.24595713615
3.50744581223
3.53239011765
3.56438302994
3.79497694969
3.43973112106
3.83510184288
3.71360015869
3.85097384453
3.85802698135
3.86227202415
3.73563599586
3.66013598442
3.73170208931
3.88110613823
3.87823605537
3.52090096474
3.62554788589
3.68782901764
3.75811290741
3.70666003227
3.50137495995
3.67272806168
3.70431804657
3.61224484444
3.71425390244
3.67662405968
3.91198587418
3.71915388107
3.76906299591
3.69788789749
3.68752717972
3.72001886368
3.68778800964
3.71513986588
3.80420684814
3.70485281944
3.81062698364
3.67117500305
3.30910611153
3.719632864
3.79502391815
3.6589179039
3.84178996086
3.78639221191
3.85803198814
3.76999592781
3.8330950737
3.54759597778
4.05797100067
3.44500994682
3.86842894554
4.0708990097
3.85770893097
3.6944630146
3.84910297394
3.79988193512
4.11168503761
3.84739518166
3.9077270031
3.56824612617
3.85291004181
3.98291897774
3.8994820118
3.7778429985
3.88056206703
3.74784803391
4.05043411255
3.79454088211
4.01073503494
3.64903092384
3.54304003716
4.02795004845
3.76403093338
3.96448397636
3.8896548748
3.92746591568
4.15689110756
3.90833592415
3.91433000565
3.9050719738
3.91884112358
3.83388018608
4.04890608788
3.97193098068
3.79512190819
3.55144000053
4.00375795364
3.99155402184
3.9907450676
3.96164989471
4.02909898758
3.96171402931
3.95553708076
3.7959690094
3.76348280907
3.93461108208
4.01899003983
3.6917951107
3.98298597336
4.06779408455
4.02800107002
4.19569087029
3.72672796249
3.96443200111
3.92944717407
3.85075879097
4.03697013855
4.20286202431
3.66362810135
4.01316905022
4.0264441967
4.01297688484
3.92095589638
4.21471500397
4.01575708389
4.02386713028
3.82903599739
3.75138401985
4.00091290474
4.09282803535
3.95792412758
3.96540498734
3.71829295158
3.99333310127
3.9676258564
4.07115101814
4.03581786156
4.00596618652
4.03934502602
3.98616695404
3.98666286469
3.99515199661
3.83338904381
4.04489707947
4.04624199867
4.10171103477
4.072286129
4.17062997818
4.10039710999
3.90586900711
4.13187599182
4.06681108475
3.84141588211
3.96644902229
3.91502690315
4.11291098595
3.759775877
3.92201685905
3.84103798866
4.15791010857
4.1131939888
4.1252310276
3.9688501358
4.12159800529
3.97224402428
4.36375999451
4.24009299278
3.9763917923
4.1602191925
3.96506690979
4.37090301514
4.24439907074
4.13787508011
4.17863297462
3.98162698746
4.37880086899
4.17742419243
3.82307195663
3.9033100605
3.79376292229
3.83247089386
4.06449198723
4.15179610252
4.17556285858
3.87937402725
3.88244104385
3.86525297165
4.18965005875
3.90819787979
3.77800107002
3.92706894875
4.14083099365
4.17327785492
3.82915496826
3.91193223
4.20880103111
4.06507301331
3.91628599167
3.87158584595
4.21219205856
4.17048192024
4.02736210823
3.96536302567
4.15578103065
4.19162297249
3.81252598763
3.9884250164
3.92539596558
4.15848708153
4.03346300125
4.04064702988
4.24877691269
4.00923204422
4.04254293442
4.23612594604
4.18194103241
3.89120101929
4.44344115257
4.08462500572
4.17530894279
3.99455094337
3.94166493416
3.90161204338
4.19770097733
3.83685803413
3.96416306496
3.90493416786
4.02917003632
4.04737687111
3.8759200573
3.95184803009
4.06816506386
4.2218849659
3.82590699196
4.23999285698
4.11884999275
3.86134004593
4.21454310417
3.85912084579
4.09733080864
4.25873303413
3.91823005676
3.94503092766
4.28056907654
4.17181110382
4.08050012589
3.97054791451
4.26219916344
4.12975287437
4.30991292
3.91170787811
4.26978993416
4.27038502693
4.07515692711
3.97882699966
4.0124361515
3.98400902748
4.12150096893
3.92364215851
4.0035700798
3.92346596718
4.3060131073
4.14477300644
4.12740898132
4.17184019089
4.00609302521
4.30697584152
4.158826828
3.83003902435
3.98763895035
4.14376878738
4.37135410309
4.20486807823
4.23230290413
3.87457299232
4.14848303795
4.06559514999
4.03758096695
4.07830500603
3.82638287544
4.09016394615
4.13748598099
4.13914704323
4.09812712669
4.25654411316
4.10408091545
4.24467396736
4.10804414749
4.11135601997
4.1127781868
4.19812393188
4.16167092323
4.05752396584
4.08685898781
4.04379296303
4.0944609642
4.12716698647
4.13196086884
4.09780502319
4.04506611824
4.07178997993
3.97273015976
3.88106584549
4.14770698547
4.11189103127
4.29634714127
4.19596099854
4.37366008759
4.3087310791
4.31560492516
4.09563112259
4.15950202942
4.0445420742
4.10405993462
4.14018583298
4.21637797356
4.26591110229
4.37614679337
4.17824196815
4.22056508064
4.26567101479
4.22622799873
4.22495508194
4.09792590141
4.11790299416
4.18444800377
3.89916300774
3.86087107658
3.93668198586
4.35948395729
4.35400009155
4.163834095
4.12405514717
4.14334821701
4.17217993736
4.14475297928
4.12338113785
4.14614915848
4.21134018898
4.13183498383
4.26076078415
4.13233304024
4.3454349041
4.21538710594
4.26366114616
4.14017701149
4.18794703484
4.27014684677
4.1708009243
4.28504014015
4.1937520504
4.30393886566
4.09260606766
4.2678809166
4.3425219059
4.35119104385
4.21274399757
4.2104678154
4.21885609627
4.23152399063
4.28068709373
4.28248906136
4.15426301956
4.32270503044
4.49372506142
4.32645797729
4.2707529068
4.33448004723
4.33703899384
4.25032782555
4.30119109154
3.98237490654
4.25385093689
4.27608108521
4.27405810356
4.28498101234
4.25441598892
4.41885209084
4.29515910149
4.27779006958
4.10178780556
4.28314805031
4.31884813309
4.28141403198
4.34367918968
4.15410900116
4.39527702332
4.35315990448
4.3918299675
4.29486680031
4.31856322289
4.35855007172
4.43868803978
4.35315203667
4.32089018822
4.32356405258
4.3036429882
4.36927890778
4.360257864
4.09015798569
4.36317706108
4.33279180527
4.4126291275
4.30650496483
4.33219814301
4.37047219276
4.287763834
4.37019610405
4.33595895767
4.28870105743
4.34041404724
4.36867594719
4.31640291214
4.42183303833
4.05248904228
4.18787503242
4.18358588219
4.35277700424
4.39098501205
4.43615293503
4.30862998962
4.37080693245
4.4035820961
4.31024813652
4.25171804428
4.37018799782
4.45817017555
4.5125849247
4.48623013496
4.27049398422
4.38676190376
4.18556499481
4.51715993881
4.40322709084
4.23782992363
4.53069996834
4.25241017342
4.5336971283
4.13482499123
4.49676084518
4.19976401329
4.2034099102
4.53561091423
4.14112114906
4.45988583565
4.20630192757
4.31219100952
4.32627296448
4.54227614403
4.15160608292
4.03990507126
4.44952607155
4.2293419838
4.45446705818
4.27559518814
3.66288280487
4.36501288414
4.17793893814
4.21097111702
4.53830814362
4.18279695511
4.47895097733
4.4784579277
4.2534198761
4.25103592873
4.21571183205
4.48265314102
4.2524600029
4.25554394722
4.34410595894
4.30613303185
4.25378799438
4.2555539608
4.27421498299
4.16122198105
4.19238185883
4.26101899147
4.55481696129
4.47027301788
4.48281812668
4.49198293686
4.24169683456
4.4960808754
4.28101491928
4.30475091934
4.21135902405
4.3281288147
4.36222600937
4.2467019558
4.34757614136
4.13137817383
4.26342511177
4.2782959938
4.45090293884
4.27651190758
4.35112190247
4.31846284866
4.33346986771
4.13630604744
4.3304848671
4.25455093384
4.28493189812
4.19656586647
4.34176492691
4.25935792923
4.28879594803
4.23630809784
4.29446911812
4.23299694061
4.26520800591
4.23289513588
4.34528493881
4.24346113205
4.31525301933
4.29913496971
4.20868897438
4.30053281784
4.27631592751
4.3727312088
4.35281395912
4.2782869339
4.33883595467
4.30361795425
4.3421599865
4.25816202164
4.3569920063
4.39235591888
4.19357013702
4.15893411636
4.24261784554
4.30136609077
4.23653197289
4.30460309982
4.35524201393
4.29396486282
4.2440328598
4.35769581795
4.16117310524
4.30440402031
4.04890608788
3.97784996033
4.14731001854
4.3427631855
4.34789013863
4.31517601013
4.38060283661
4.21608901024
4.30889797211
4.26396608353
4.2179479599
4.24802899361
4.34698700905
3.96342897415
4.32686209679
4.39810395241
4.21717596054
4.19280219078
4.36118197441
4.3516459465
4.16723895073
4.38233685493
4.362637043
4.38508582115
4.21926498413
3.96410512924
4.36593294144
4.28371095657
4.5667591095
3.94645595551
4.35720682144
4.29051995277
4.29323816299
4.28950810432
4.0712120533
4.17542099953
4.29353404045
4.35756897926
4.42845010757
4.19475102425
4.32326602936
4.23394703865
4.29776287079
4.29860782623
4.23413109779
4.38199114799
4.30729699135
4.27439689636
4.25764989853
4.37511706352
4.20720410347
4.28276801109
4.37404489517
4.37850522995
4.37605285645
3.99208378792
4.37989401817
4.38079404831
4.39397501945
4.41317796707
4.32964396477
4.31529402733
4.14390683174
4.30170202255
4.46130609512
3.95165395737
4.36915707588
4.28581094742
4.30750918388
4.21180391312
4.38953304291
4.27988481522
4.26868796349
4.41391611099
3.9937210083
4.22143697739
4.27163791656
4.33910989761
4.1614921093
4.27528595924
4.0212020874
4.4024078846
4.06031799316
3.97416710854
4.42481803894
4.27778601646
4.42336797714
3.84140992165
4.02224802971
4.02488994598
4.02783083916
4.04612588882
4.0399749279
4.44767308235
4.23419117928
4.05044794083
4.02948093414
4.23741388321
4.03899312019
4.09500908852
3.83456301689
4.23674798012
4.35234308243
3.96534609795
4.35879588127
3.95309400558
4.0261259079
4.35846209526
4.45688509941
4.25104618073
3.96960711479
3.95723104477
3.86145401001
4.14092493057
3.99183416367
4.04182004929
4.06763696671
4.29844403267
4.06122994423
3.86513710022
4.3909471035
4.04567599297
4.24767708778
3.86282277107
4.05200004578
4.22547793388
3.87003684044
4.36421203613
4.44550585747
3.84299492836
4.03153610229
3.86564493179
3.96168994904
4.12867212296
3.87288594246
3.96176505089
4.46607613564
3.96531105042
4.46691894531
4.39599895477
3.90154409409
3.92901492119
4.43324112892
4.05027508736
4.03597688675
4.47074484825
4.00204801559
3.97276997566
4.46971893311
3.96976399422
4.07074189186
3.96769499779
3.96694898605
3.87262201309
3.87759590149
4.25609111786
4.52924108505
4.44395899773
4.2728228569
4.05563592911
3.88322520256
4.34328794479
4.3765809536
3.96966695786
3.81646203995
4.3786149025
4.40731716156
4.07699918747
4.30760288239
4.44200587273
4.40741205215
4.42323493958
4.18782091141
3.88120412827
4.26309895515
4.49575304985
4.00635409355
4.48166298866
3.87882804871
4.06028294563
4.03447890282
4.13046097755
4.08171606064
4.06223893166
3.98722195625
3.88763999939
4.0155878067
3.89041113853
3.99633193016
3.89366292953
3.89035701752
3.82544898987
3.89154911041
3.98282814026
3.89401102066
4.27257013321
4.35594391823
4.3556330204
4.08847999573
4.45585584641
3.93463897705
3.98576903343
3.89754605293
4.47171902657
3.75336909294
3.98812103271
4.10224485397
3.98645305634
3.89232587814
3.89790511131
4.07110404968
3.83255887032
4.32963991165
3.89951205254
4.0750617981
3.90993404388
3.75693178177
4.17134785652
4.08677005768
3.89888095856
3.89714002609
4.02124285698
3.89481306076
3.89952421188
4.27878594398
3.99936008453
3.6970410347
3.99976015091
4.33292984962
3.90127897263
3.82836294174
3.99715590477
3.90280294418
4.00172019005
3.8983540535
3.89987802505
4.07867503166
4.02678608894
3.90322089195
4.02668905258
3.99782204628
4.050604105
4.00319600105
4.00623202324
4.02836990356
4.27148413658
3.91168189049
3.88410401344
3.90543603897
3.91121292114
3.84374308586
3.90628886223
4.00144696236
3.91295599937
3.84623003006
3.91100692749
4.03049898148
3.91105389595
3.90640497208
3.77487397194
3.8472571373
4.00812506676
3.91456198692
3.91047716141
3.90672802925
4.48807501793
3.71198010445
4.08960080147
3.91095876694
4.10813903809
4.01267695427
4.00569820404
3.78107714653
3.98382496834
3.98386597633
3.91079187393
3.91472482681
3.8513879776
4.00745487213
3.85344386101
4.03920698166
3.89428806305
3.91388392448
3.91404891014
3.73626995087
3.78197002411
3.73440003395
3.71835398674
3.77350187302
3.78602695465
3.91325116158
3.88328695297
3.89663696289
4.01565003395
4.01415586472
4.01252579689
3.87459611893
3.75252509117
3.85713982582
3.71947407722
3.78069114685
3.71945905685
3.7204041481
3.85825395584
3.92829298973
3.72284603119
3.78295493126
3.72063779831
3.93818092346
3.86046481133
3.72655105591
3.86301994324
4.04888796806
3.79073500633
3.87540912628
3.926831007
3.72584319115
3.75584697723
4.0174407959
3.78640007973
3.72960305214
3.86576199532
3.79278206825
3.74504590034
3.78954696655
3.9341340065
3.92425394058
3.7475540638
3.74540400505
3.79291200638
3.76783299446
4.06389212608
3.74604606628
3.74606204033
3.7472589016
3.86849713326
3.8444890976
3.73084783554
3.75049304962
3.7928879261
3.73218798637
3.73379397392
3.75058698654
3.73462200165
3.78014707565
3.75243496895
3.74593091011
3.75177598
3.74669384956
3.7471549511
3.74923300743
3.75190591812
3.75428819656
3.75086688995
3.73463010788
3.73643612862
3.75387597084
3.73633813858
3.75515413284
3.73417782784
3.73498702049
3.87626600266
3.75464582443
3.73602199554
3.74922800064
3.73450803757
