0.016273021698
0.015506029129
0.036700963974
0.036749124527
0.111426115036
0.112634181976
0.110797166824
0.114655017853
0.0975208282471
0.107049942017
0.10983300209
0.0960929393768
0.0876369476318
0.109451055527
0.111065864563
0.105371952057
0.135625839233
0.130471944809
0.11824297905
0.152620077133
0.151698112488
0.212505102158
0.210421085358
0.214339971542
0.23951792717
0.245411872864
0.232537031174
0.245283842087
0.264751911163
0.191694021225
0.277270793915
0.28346991539
0.306015968323
0.286446094513
0.292695999146
0.282838106155
0.247004985809
0.263342857361
0.299462080002
0.293814182281
0.276394844055
0.294196844101
0.311028003693
0.300628900528
0.312739133835
0.06232213974
0.107182025909
0.293514966965
0.321084976196
0.297852039337
0.315846920013
0.325616121292
0.317682981491
0.285922050476
0.280169963837
0.283264875412
0.324149131775
0.31724190712
0.0835349559784
0.355635881424
0.326403141022
0.318500995636
0.290594100952
0.332085847855
0.32861995697
0.297796010971
0.331239938736
0.313133955002
0.0567669868469
0.340595960617
0.382606983185
0.341932058334
0.314430952072
0.403167009354
0.344967126846
0.409261226654
0.324911832809
0.127573013306
0.353504896164
0.338613986969
0.307814836502
0.340748071671
0.354063987732
0.365141868591
0.363614082336
0.365784883499
0.344388008118
0.35994887352
0.361618041992
0.358289957047
0.346534967422
0.343405008316
0.35084605217
0.387026071548
0.353425979614
0.0805568695068
0.330065011978
0.387233972549
0.327162981033
0.358555078506
0.360523939133
0.394322156906
0.428623199463
0.370051145554
0.332633018494
0.327090978622
0.360725879669
0.378653049469
0.385152101517
0.400825023651
0.390276908875
0.376556873322
0.368333101273
0.323299884796
0.338521003723
0.379791975021
0.346379995346
0.332382917404
0.341220855713
0.368468999863
0.33216881752
0.345149040222
0.364099979401
0.3796479702
0.33956193924
0.391479969025
0.339529037476
0.375920057297
0.334646940231
0.398098945618
0.405535936356
0.408638000488
0.376287937164
0.340498924255
0.397892951965
0.415985822678
0.422012090683
0.346302986145
0.352350950241
0.401667118073
0.345908164978
0.347785949707
0.389277935028
0.077033996582
0.127119064331
0.412503004074
0.410982131958
0.389414072037
0.384696006775
0.443701028824
0.378838777542
0.353610992432
0.413055896759
0.423199176788
0.239662885666
0.43193602562
0.23396897316
0.419307947159
0.453591108322
0.19113278389
0.45182299614
0.367888212204
0.434430837631
0.361588954926
0.426087856293
0.448899030685
0.443308115005
0.391497135162
0.130239963531
0.45649600029
0.0969660282135
0.457207202911
0.466778993607
0.442139148712
0.466694116592
0.373515844345
0.288466930389
0.366839170456
0.377003192902
0.444926977158
0.371080875397
0.273933172226
0.466829061508
0.386636018753
0.366772890091
0.440186977386
0.446149110794
0.192626953125
0.425642967224
0.37282204628
0.377519845963
0.404718875885
0.454545021057
0.376919031143
0.451048135757
0.251440048218
0.416952848434
0.411936998367
0.285938978195
0.402647972107
0.384679079056
0.373424053192
0.383968114853
0.460489988327
0.376626014709
0.435938119888
0.393861055374
0.365411043167
0.409354925156
0.376390218735
0.450254917145
0.410434007645
0.202499866486
0.268603086472
0.390908956528
0.442914009094
0.454812049866
0.444796085358
0.403691053391
0.459917783737
0.462295055389
0.461591005325
0.429640054703
0.450668096542
0.42284989357
0.280064105988
0.399053096771
0.437333106995
0.455456972122
0.449710845947
0.46154499054
0.275707960129
0.468566894531
0.279931783676
0.470956087112
0.415092945099
0.423383951187
0.473488807678
0.444684028625
0.441570043564
0.461256027222
0.377816915512
0.39670586586
0.420560121536
0.45569896698
0.440264940262
0.290069818497
0.445887804031
0.316776990891
0.110378026962
0.232517957687
0.269160985947
0.266407012939
0.332749128342
0.236657857895
0.264586925507
0.22311091423
0.26820397377
0.23880314827
0.265568971634
0.238132953644
0.267929792404
0.263985872269
0.274107933044
0.268754005432
0.274204015732
0.235648155212
0.24187707901
0.0640769004822
0.223503112793
0.212979078293
0.220659971237
0.187972068787
0.178273916245
0.219578027725
0.195951938629
0.186037063599
0.239470005035
0.220591068268
0.243894815445
0.311364889145
0.237720012665
0.224743127823
0.228207826614
0.368730068207
0.35227894783
0.267879009247
0.304391860962
0.291438102722
0.293478012085
0.3122651577
0.300940990448
0.265962123871
0.261608123779
0.260429859161
0.275979042053
0.310815095901
0.215677022934
0.210083961487
0.230288028717
0.253976106644
0.255115032196
0.235141038895
0.263977050781
0.219060182571
0.223808050156
0.264391899109
0.227495908737
0.228833913803
0.219379901886
0.0824048519135
0.266726016998
0.25647687912
0.230494976044
0.0807750225067
0.224432945251
0.218513011932
0.216966152191
0.238687038422
0.235408067703
0.269397974014
0.274759054184
0.275898218155
0.270856142044
0.238374948502
0.236185073853
0.231739044189
0.268580913544
0.119574069977
0.272321939468
0.231668949127
0.213620901108
0.28799200058
0.255817890167
0.2495470047
0.191987037659
0.276323080063
0.217069149017
0.250509977341
0.228057146072
0.236773014069
0.0599839687347
0.222019910812
0.247359991074
0.282392024994
0.254679203033
0.257112026215
0.10662484169
0.127437114716
0.277390003204
0.210868835449
0.258944988251
0.239438056946
0.217685937881
0.201983213425
0.254621982574
0.227283000946
0.262676954269
0.202316999435
0.230406045914
0.22815990448
0.224250078201
0.145811080933
0.266255140305
0.186685800552
0.224297046661
0.261439800262
0.259017944336
0.193376064301
0.220721960068
0.179465055466
0.229608774185
0.171341180801
0.179440975189
0.26895403862
0.232372999191
0.191056966782
0.225156068802
0.229943037033
0.14408493042
0.171059131622
0.182770013809
0.190850973129
0.188964128494
0.197995901108
0.19686293602
0.176625967026
0.187731981277
0.126755952835
0.194961071014
0.169584035873
0.230485916138
0.188174009323
0.159384012222
0.18391084671
0.271084070206
0.146508932114
0.271661043167
0.19265294075
0.196681022644
0.156047105789
0.191627979279
0.189321994781
0.193747997284
0.142600059509
0.196355104446
0.204134941101
0.151089191437
0.184684991837
0.241000890732
0.20435500145
0.207927942276
0.157689094543
0.194653987885
0.199646949768
0.146836996078
0.164688110352
0.0503768920898
0.166910886765
0.208756923676
0.132380008698
0.0776081085205
0.212223052979
0.0793437957764
0.216613054276
0.205008983612
0.13582777977
0.216572999954
0.109595060349
0.177469015121
0.210942983627
0.138240098953
0.207529067993
0.11422085762
0.144592046738
0.221516132355
0.169496059418
0.183054924011
0.141615867615
0.202267885208
0.253834962845
0.215092897415
0.137034893036
0.176211118698
0.247984886169
0.254135131836
0.250533103943
0.219747066498
0.258746862411
0.247976064682
0.252557039261
0.247577905655
0.188567876816
0.244920015335
0.217914104462
0.247260093689
0.222799062729
0.156198978424
0.124457120895
0.0988118648529
0.183892011642
0.148421764374
0.14498591423
0.158638000488
0.146866083145
0.124501943588
0.122830152512
0.123531103134
0.128609895706
0.194452047348
0.191221952438
0.297507047653
0.191716909409
0.102299928665
0.225172996521
0.100155115128
0.2250020504
0.189427137375
0.261780023575
0.231547832489
0.204264879227
0.187587976456
0.206765890121
0.23361492157
0.212058067322
0.214100122452
0.198867082596
0.240736961365
0.198868989944
0.166507959366
0.154084920883
0.156253814697
0.209894180298
0.187101125717
0.214778900146
0.14480805397
0.20537686348
0.233068943024
0.205630064011
0.224253892899
0.209532976151
0.24361205101
0.244070053101
0.237424135208
0.248388051987
0.170201063156
0.214890003204
0.216006994247
0.195175886154
0.221137046814
0.21656703949
0.215647935867
0.220872879028
0.176440000534
0.158885002136
0.167032003403
0.135471105576
0.165808916092
0.221931934357
0.19729590416
0.199826955795
0.240058898926
0.197385072708
0.226541042328
0.196881055832
0.151653051376
0.19514298439
0.224087953568
0.160885095596
0.180050849915
0.236710786819
0.153427124023
0.203346967697
0.236649990082
0.189044952393
0.158896923065
0.201347827911
0.187367916107
0.196280002594
0.164906978607
0.0935170650482
0.174912929535
0.184101104736
0.178342103958
0.171429157257
0.17683506012
0.131932020187
0.131602048874
0.127475976944
0.224534034729
0.219741106033
0.175996780396
0.188153982162
0.220800161362
0.173666000366
0.191356897354
0.310580015182
0.195146083832
0.0587129592896
0.243247032166
0.21812915802
0.309760093689
0.136209964752
0.248604059219
0.305004119873
0.267796993256
0.208015918732
0.127041816711
0.138048887253
0.231341838837
0.0862650871277
0.237459897995
0.227926015854
0.256622076035
0.23028588295
0.102535963058
0.226318120956
0.146123886108
0.180848121643
0.169274091721
0.205053091049
0.164983987808
0.191529989243
0.148025989532
0.161200046539
0.173239946365
0.1468501091
0.16504406929
0.193063020706
0.203398942947
0.149440050125
0.116260051727
0.246975898743
0.252401828766
0.194200992584
0.108547925949
0.183647155762
0.223959922791
0.223622083664
0.143332004547
0.0827169418335
0.144937992096
0.198346853256
0.183583021164
0.158159971237
0.055230140686
0.145574092865
0.108694076538
0.153481006622
0.15273308754
0.0543940067291
0.188183069229
0.0675408840179
0.203072071075
0.167046785355
0.208654880524
0.182456970215
0.160269975662
0.160407781601
0.202728033066
0.208123922348
0.0929319858551
0.258877038956
0.0622389316559
0.186041116714
0.171216011047
0.216328144073
0.117919921875
0.17305803299
0.128473043442
0.15450501442
0.118088006973
0.103178024292
0.198871135712
0.0959029197693
0.149750947952
0.173215866089
0.192704916
0.131737947464
0.13635802269
0.157723903656
0.105640888214
0.152142047882
0.180094003677
0.181407928467
0.17969083786
0.163905858994
0.107986927032
0.139831066132
0.104168891907
0.112452030182
0.178066015244
0.200946092606
0.182102918625
0.160118818283
0.107747793198
0.136400938034
0.146141052246
0.133754014969
0.144289970398
0.111948013306
0.18886089325
0.145109176636
0.137009859085
0.164422988892
0.0887401103973
0.141695022583
0.152995109558
0.136494159698
0.145781040192
0.117095947266
0.181492090225
0.154824972153
0.137284994125
0.0907680988312
0.171006917953
0.0820109844208
0.186006069183
0.193952798843
0.146275043488
0.0453851222992
0.0745949745178
0.118589878082
0.118479013443
0.0812129974365
0.124038934708
0.130599021912
0.0558650493622
0.0618841648102
0.123945951462
0.124696016312
0.0467238426208
0.12345790863
0.138346910477
0.114636182785
0.132622003555
0.14615893364
0.121932983398
0.165557861328
0.160118818283
0.141725063324
0.0994169712067
0.185721874237
0.192456960678
0.189591169357
0.136167049408
0.106237888336
0.136989116669
0.189167976379
0.172124862671
0.158499956131
0.194116830826
0.137486934662
0.135180950165
0.192430019379
0.19512796402
0.18040895462
0.198868989944
0.192766904831
0.173542022705
0.177518844604
0.144886016846
0.180136919022
0.226068973541
0.216032981873
0.254426002502
0.215205907822
0.249313116074
0.150803804398
0.230507850647
0.234326124191
0.257230043411
0.143762111664
0.246299028397
0.300287008286
0.253262042999
0.0784571170807
0.139738082886
0.2903008461
0.291606903076
0.284324884415
0.290957927704
0.289124011993
0.315601825714
0.290719032288
0.324872970581
0.272905111313
0.15421295166
0.300467967987
0.304045915604
0.247848987579
0.281861066818
0.272185087204
0.323781013489
0.262135982513
0.277151107788
0.266408920288
0.249260902405
0.296993017197
0.298994064331
0.296252012253
0.307649850845
0.143868923187
0.274978876114
0.274913072586
0.225904941559
0.279325008392
0.281703948975
0.24803686142
0.276681900024
0.110826015472
0.279166221619
0.278645038605
0.146948814392
0.249182939529
0.106611013412
0.293895959854
0.291640043259
0.274015188217
0.30254983902
0.246475934982
0.295324087143
0.307065010071
0.246111154556
0.249930143356
0.266253948212
0.259741067886
0.26438498497
0.0463199615479
0.235918998718
0.217849969864
0.304522037506
0.253166913986
0.265053033829
0.34584903717
0.282126903534
0.257003068924
0.259741067886
0.309824943542
0.302827119827
0.304128885269
0.305343866348
0.188163995743
0.239514112473
0.240701913834
0.265836000443
0.278654098511
0.302572011948
0.28519821167
0.2813539505
0.282597064972
0.302847146988
0.296624898911
0.146285057068
0.304543018341
0.226433038712
0.235618114471
0.307770967484
0.286470890045
0.301409959793
0.105150938034
0.326809883118
0.277899026871
0.106947183609
0.0529158115387
0.236392021179
0.273475885391
0.289038896561
0.237941026688
0.23695898056
0.261770009995
0.342198133469
0.248329877853
0.337513208389
0.285055875778
0.2409760952
0.225561141968
0.290421009064
0.282203912735
0.223476886749
0.316812038422
0.293814897537
0.296674966812
0.0614950656891
0.281462907791
0.300823926926
0.213417053223
0.220940828323
0.216804027557
0.28134393692
0.189805030823
0.298144817352
0.163054943085
0.195503950119
0.156069040298
0.168687105179
0.197017908096
0.164216995239
0.155267953873
0.23172211647
0.198039054871
0.256808042526
0.102300882339
0.192353963852
0.194730043411
0.231541156769
0.226891040802
0.189808130264
0.203323125839
0.161736011505
0.216776847839
0.167508840561
0.289921045303
0.231177091599
0.226634979248
0.245213031769
0.29096198082
0.171310901642
0.167394161224
0.138594865799
0.216169118881
0.164144039154
0.138825893402
0.1456990242
0.227563142776
0.144530057907
0.26513004303
0.265992879868
0.141983032227
0.238745927811
0.283868074417
0.289233922958
0.22966003418
0.317115068436
0.181104898453
0.215847015381
0.283416032791
0.200654029846
0.245012044907
0.143973827362
0.210401773453
0.265156984329
0.29739689827
0.259407997131
0.0816090106964
0.24117898941
0.176470994949
0.301663160324
0.066036939621
0.282428979874
0.301126003265
0.345499992371
0.165724992752
0.229969024658
0.0449090003967
0.133494853973
0.219570159912
0.292755126953
0.213002920151
0.246807098389
0.343702077866
0.285222053528
0.246028900146
0.186278820038
0.251019001007
0.234471082687
0.241945981979
0.178292989731
0.299227952957
0.059730052948
0.0829010009766
0.244525194168
0.287536859512
0.229384899139
0.0691740512848
0.223651170731
0.296318054199
0.107027053833
0.288839101791
0.293075084686
0.0913190841675
0.227095842361
0.249504804611
0.243778944016
0.0685830116272
0.0398080348969
0.256407976151
0.120622873306
0.155758142471
0.0389840602875
0.157511949539
0.22615814209
0.158532857895
0.11637711525
0.263959884644
0.0382440090179
0.040796995163
0.178327083588
0.119667053223
0.142688989639
0.152307033539
0.125277996063
0.155791044235
0.123121023178
0.157757043839
0.166922092438
0.0370121002197
0.0397109985352
0.126394033432
0.185868024826
0.0958981513977
0.107563018799
0.105581045151
0.124093055725
0.101047992706
0.0427448749542
0.102022886276
0.109395980835
0.105587005615
0.101005077362
0.0968379974365
0.108127117157
0.129562139511
0.107997894287
0.103399991989
0.0801630020142
0.122721910477
0.101247787476
0.092756986618
0.0442049503326
0.0404369831085
0.0970578193665
0.151057958603
0.0821981430054
0.121064186096
0.100556135178
0.0952939987183
0.0970590114594
0.0985069274902
0.0472719669342
