23.8728199005
25.1274271011
25.6942279339
25.8630981445
28.7151861191
28.8000290394
29.419449091
29.3689210415
29.4261059761
29.4209959507
29.5089838505
29.4858791828
29.5042669773
29.4720170498
29.4659528732
29.3741879463
29.7509298325
29.5298418999
29.8133990765
29.5963339806
29.5151131153
29.5452041626
29.8950989246
29.7426469326
29.7065579891
30.0253520012
29.9724199772
29.9292449951
29.9823000431
29.9917700291
30.0977609158
29.8036689758
29.810918808
30.0643789768
30.0644989014
30.2644491196
30.1008460522
30.0964829922
30.1195299625
29.9125959873
30.1586720943
29.9128539562
30.102118969
30.1414830685
30.0903480053
30.1306200027
30.1628229618
30.1317298412
30.1563169956
30.1581950188
30.1372618675
29.9482691288
29.9660749435
30.0183382034
29.8427109718
30.1682529449
30.1900691986
31.3934891224
30.2721829414
30.4057919979
30.2761998177
30.4337179661
30.4211719036
30.3537700176
30.2861120701
30.1528580189
30.2676610947
30.2696139812
30.299435854
30.0114438534
30.0048708916
30.0376281738
30.4089450836
30.3199830055
30.3573999405
30.5671370029
30.5760130882
30.38575387
30.3704030514
30.1234378815
30.1707789898
30.207198143
30.4823849201
30.6798141003
30.2664198875
30.4393279552
30.2191431522
30.5608119965
30.6160359383
30.5907890797
30.511316061
30.6307208538
30.3504419327
30.3694400787
30.9896161556
31.4609599113
30.3737537861
30.8364920616
30.7098639011
30.649066925
30.5972521305
30.4348738194
31.2421050072
30.8798439503
30.6600871086
30.9626989365
30.8528239727
30.5265350342
30.9577181339
30.5897948742
30.7928650379
30.6376929283
31.0835061073
30.9776039124
30.4989039898
30.8174180984
30.9010710716
30.8457651138
30.8905792236
30.670181036
31.1089789867
30.8986589909
30.8780429363
31.1716411114
31.1531500816
31.1888518333
31.1903460026
30.7428610325
30.7275822163
31.0187170506
31.5539500713
31.2079629898
31.0522069931
30.6686549187
31.1074368954
30.970607996
31.2165019512
31.1202499866
31.0118119717
31.0380620956
31.0061151981
30.6742529869
31.1186800003
31.2895228863
31.2409188747
31.2478129864
31.2444748878
31.3921229839
31.0469081402
30.7319250107
31.2659740448
31.0928220749
31.021559
30.7718100548
30.7577500343
30.7218871117
31.3934099674
30.8224890232
31.3435368538
31.218198061
31.2006530762
31.2234139442
31.0409469604
30.9924697876
30.9228680134
30.9197020531
30.886441946
31.4865589142
31.4938240051
31.301666975
31.4546160698
30.9327909946
31.5676488876
31.4777379036
31.5631630421
31.3627278805
31.4159069061
31.3383719921
31.1039199829
31.1512670517
31.6259820461
31.5086388588
31.6528980732
31.3968942165
31.1674129963
31.3838179111
31.1594619751
31.1380348206
31.1022560596
31.5884799957
31.4224882126
31.4707171917
31.4096779823
31.5103368759
31.1425631046
31.1830050945
31.1862671375
31.2508270741
31.5294981003
31.1391649246
31.8098289967
31.8064899445
31.6219611168
31.4179849625
31.6137340069
31.399212122
31.1124799252
31.5917470455
31.5203208923
31.584154129
31.1413280964
31.4249010086
31.433975935
31.412872076
31.4245650768
31.3880171776
31.3661680222
31.291175127
31.5525591373
31.2548129559
31.1485190392
31.1387658119
31.6617209911
31.685559988
31.5646269321
31.6270339489
31.5489759445
31.4992780685
31.5536179543
31.5040209293
31.7379379272
31.7001280785
31.5420351028
31.4541890621
31.5405511856
31.41537714
31.7923090458
31.5516660213
31.4342720509
31.7497169971
31.5719890594
31.5445780754
31.5713710785
31.571518898
31.4887700081
31.6229979992
31.5638129711
31.5501360893
31.5304720402
31.5512180328
31.5892088413
31.1995329857
32.0274300575
31.5546619892
31.7718548775
31.2888939381
31.5489089489
31.6729118824
31.7399048805
31.8456330299
31.2718708515
31.5152919292
31.5128741264
31.8369050026
31.8647589684
31.5214111805
31.6488242149
31.4025530815
31.6971929073
31.8489317894
31.5905759335
31.7725329399
31.6078140736
31.3717889786
31.5509169102
31.2927219868
31.2106781006
31.7914538383
31.758947134
31.7056808472
31.5391421318
31.3528699875
31.5144469738
31.344686985
31.3411049843
31.8787600994
31.6609270573
31.3965711594
31.5541620255
31.8490080833
31.7806899548
31.559789896
31.7723457813
31.7462930679
31.8301329613
31.8737499714
31.9233460426
31.6853590012
31.9251949787
31.7355377674
31.3134350777
31.4119048119
31.6430680752
31.8832809925
31.4580130577
31.6723399162
31.9132399559
31.7882401943
31.8602828979
31.8001980782
31.675989151
31.6741418839
31.4984610081
31.484826088
31.64843297
31.946105957
31.9708900452
31.8847589493
31.6634840965
31.7077760696
31.6924688816
31.9900720119
31.6321349144
31.8409309387
31.8009479046
31.922232151
31.9204368591
31.6568589211
31.7935509682
31.7890019417
31.8745410442
32.1128001213
31.5729050636
31.570182085
31.6004920006
31.8504898548
31.7113149166
32.2716197968
32.2299830914
32.2546329498
32.2254598141
32.2056701183
32.2223730087
32.1138420105
31.7184460163
32.0213811398
32.0749590397
32.1755280495
32.0761961937
32.1790819168
32.0672590733
31.836894989
32.050568819
31.97732687
31.9788639545
32.3148260117
32.3043129444
32.2832610607
31.9842658043
32.0493068695
32.061068058
31.9183552265
31.7892570496
32.3264439106
32.2795879841
32.0432150364
32.3281719685
32.0395400524
32.3376750946
31.8982980251
31.8572340012
31.8520998955
31.8214461803
32.3872201443
32.2283129692
32.3748478889
32.0835421085
32.0047369003
31.9431779385
32.4135549068
32.4488339424
32.3886499405
32.4153079987
32.2635080814
32.2286319733
32.1803059578
32.1957659721
32.1374678612
32.0143640041
31.9927239418
31.9668858051
32.0259699821
31.8926851749
31.9267170429
32.4791350365
32.4371230602
32.2676649094
32.2683300972
32.2757489681
32.1488740444
32.1455168724
32.1984488964
32.0440530777
32.1479430199
32.0275239944
32.2239890099
32.0171430111
32.4042608738
32.3079388142
32.2385838032
32.1804530621
31.992110014
32.558768034
32.1887760162
32.127810955
32.1632139683
32.0921869278
32.5604560375
32.5781610012
32.0673100948
32.5794370174
32.2102708817
32.2048549652
32.1140098572
32.1492879391
32.6549170017
32.2056159973
32.2026381493
32.099832058
32.4617068768
32.351033926
32.2043879032
32.6202640533
32.3474440575
32.5558581352
32.4880809784
32.6112108231
32.5702631474
32.6154148579
32.1098899841
32.5913140774
32.21530509
32.2831029892
32.574862957
32.2831559181
32.3116528988
32.1450579166
32.3035550117
32.6116399765
32.6127519608
32.5503671169
32.534858942
31.9785239697
32.6014821529
32.1933999062
32.3004281521
32.091119051
32.5532748699
32.3756160736
32.5904200077
32.062443018
32.2875981331
32.2443430424
32.2042918205
32.0723419189
32.1814279556
32.5643351078
32.1329247952
32.1882269382
32.1849389076
32.5868859291
32.1697859764
32.248639822
32.2573599815
32.3421499729
32.639756918
32.5691609383
32.5984971523
32.5895740986
32.2949430943
32.2357299328
32.2657999992
32.5923337936
32.2262449265
32.5544319153
32.5355098248
32.5583319664
32.2946150303
32.5377140045
32.3266570568
32.2239480019
32.574878931
32.6544508934
32.5743851662
32.1528279781
32.6062150002
32.6306111813
32.5396709442
32.300992012
32.3544251919
32.575414896
32.2352879047
32.0257239342
32.0505998135
32.6125378609
32.5887110233
32.599560976
32.5597109795
32.5253920555
31.9802279472
32.383918047
32.2998511791
32.6153740883
32.2363190651
32.6125929356
32.5665040016
32.502507925
32.0957069397
32.5956499577
32.28688097
32.5405910015
32.5485360622
32.5799620152
32.5900149345
32.3207149506
32.5435910225
32.3255929947
32.5655579567
32.1337740421
32.596506834
32.0610840321
32.5502989292
32.2768418789
32.5733010769
32.1527719498
32.6713349819
32.0596561432
32.3456139565
32.0512509346
32.2985188961
32.2939860821
32.1294398308
32.3422930241
32.2405319214
32.2922489643
32.1423401833
32.3200728893
32.663064003
32.2393519878
32.562568903
32.2416930199
32.4099719524
32.6036381721
32.3813750744
32.2489800453
32.3808698654
32.2331740856
32.5455508232
32.6859681606
32.3799009323
32.2084619999
32.3877530098
32.3135459423
32.3954789639
32.2464118004
32.4482018948
32.6709630489
32.3821339607
32.2110190392
32.3933320045
32.3186089993
32.5986180305
32.2156820297
32.3934569359
32.3887639046
32.3152179718
32.6572859287
32.201898098
32.1853058338
32.6996819973
32.3229849339
32.6499919891
32.4574291706
32.1908969879
32.2113039494
32.3978648186
32.6462519169
32.7111260891
32.637116909
32.6479890347
32.3598911762
32.695098877
32.288351059
32.3286600113
32.3010280132
32.1863458157
32.1491119862
32.2725348473
32.7625470161
32.6777360439
32.7080318928
32.468693018
32.3186569214
32.4294610023
32.2800149918
32.7502808571
32.1773121357
32.1919059753
32.5422620773
32.410433054
32.3857469559
32.1898388863
32.6628351212
32.6760630608
32.7779989243
32.6912589073
32.731372118
32.2525339127
32.6755681038
32.7184369564
32.7262048721
32.2952890396
32.7421338558
32.4039981365
32.1737759113
32.2400717735
32.5077111721
32.4600570202
32.4465529919
32.3410441875
32.4561069012
32.3055520058
32.2439229488
32.2741751671
32.2231490612
32.2524189949
32.2867250443
32.5477509499
32.4339380264
32.4974548817
32.8760280609
32.4650838375
32.4495999813
32.4273090363
32.3682169914
32.3463628292
32.8286640644
32.355148077
32.3640627861
32.8410580158
32.3387029171
32.8941190243
32.742057085
32.8309831619
32.3620951176
32.2931098938
32.5721509457
32.890971899
32.6455550194
32.6242229939
32.5060338974
32.6023650169
32.3734250069
32.781015873
32.5013661385
32.5908432007
32.6629369259
32.4915130138
32.8522598743
32.9220449924
32.8995409012
32.9057099819
32.662471056
32.5376541615
32.5338189602
32.4986681938
32.3853299618
32.3786520958
32.4318740368
32.4462220669
32.9306609631
32.3870000839
32.4599080086
32.4525489807
32.3952469826
32.4082980156
32.6872720718
32.8993198872
32.3660621643
32.7231669426
32.9447181225
32.9410979748
32.4584810734
32.4853181839
32.7020001411
32.4045031071
32.4133310318
32.4523091316
32.4299111366
32.7582521439
32.9087121487
32.4896960258
32.4866819382
32.4587330818
32.6778960228
32.4708881378
32.5627090931
32.6710960865
32.4994869232
32.7428300381
32.7032790184
32.513710022
32.9407680035
32.7711877823
32.4860229492
32.4105701447
32.5803918839
33.0850419998
33.086950779
32.632682085
32.6068401337
32.4666419029
32.5130090714
32.4707870483
32.5662369728
32.6055080891
32.5376930237
32.6343228817
32.5856380463
32.7769010067
32.6335070133
32.4613318443
32.7754671574
32.4950370789
32.7730150223
32.8728599548
32.6828820705
32.5813000202
32.5774018764
32.5639250278
32.4776320457
32.4532899857
32.5612978935
32.679363966
32.5944080353
32.5237030983
32.5502409935
32.5100960732
33.1311330795
32.4378399849
32.4442930222
32.7227859497
32.4239149094
32.4080379009
33.0743489265
32.7162981033
32.6334221363
32.4832298756
32.4935481548
32.4754359722
32.5662760735
32.5855309963
32.6345758438
32.6408269405
32.7128441334
32.4984200001
33.1253080368
32.5029690266
32.8992371559
32.5268640518
32.8161678314
32.7234790325
32.7432808876
32.6989650726
32.7066230774
32.724531889
32.6567111015
32.7466521263
32.688092947
32.650758028
32.6700439453
32.6650230885
32.6634719372
32.6634311676
32.5924818516
32.6199131012
32.6172771454
32.5879170895
32.5317058563
32.5300779343
32.52688694
32.5060231686
32.5294840336
32.52008605
32.4647328854
32.5372829437
32.5745298862
32.5403809547
32.5377471447
32.6096010208
32.5525529385
32.5642249584
32.9245989323
32.8579170704
32.881401062
32.9262828827
32.9014899731
32.8670799732
32.9905791283
32.8816637993
33.1092069149
32.8187479973
32.8104021549
32.7930600643
32.8709888458
32.7879359722
32.7595150471
32.7851529121
32.8903348446
32.785036087
32.8944370747
32.7296669483
32.7097449303
32.7191648483
32.7117228508
32.7582840919
32.7663838863
32.7742478848
32.7131490707
32.5876920223
32.7476980686
32.7457909584
32.7501969337
32.789096117
32.7135150433
32.7257220745
32.6544480324
32.6054990292
33.369797945
32.7680318356
33.2955751419
32.885065794
32.8327977657
33.0727720261
33.0085749626
32.8398900032
32.7955439091
33.298222065
32.7656991482
32.9173250198
32.738781929
32.8057467937
32.6823060513
32.6513450146
32.690171957
32.650277853
32.6891999245
32.6326658726
32.6300940514
32.6284101009
32.9749910831
32.7889549732
32.7763049603
32.7784399986
32.7347230911
32.7020149231
32.7008299828
32.671282053
32.689248085
32.6516759396
32.6987609863
32.7215440273
33.0627250671
33.0595729351
32.7175049782
33.1009459496
32.7187001705
32.6709229946
32.7236590385
32.7035520077
32.7544019222
33.0954809189
33.1366529465
33.0856051445
32.7037489414
32.783135891
32.8151271343
32.7272241116
32.7225699425
32.8486208916
32.7571721077
32.8253819942
32.7666900158
32.8814480305
32.8695700169
32.8807690144
32.7790188789
32.8791689873
32.8944308758
32.8885469437
32.8797290325
32.8502709866
32.8145899773
32.8482129574
32.8929448128
32.8600049019
32.8434388638
32.77977705
32.8638491631
32.8553209305
32.8320410252
32.8446919918
32.8501749039
32.8486289978
32.8745398521
32.8092880249
32.8398020267
32.8881568909
32.877779007
32.8811249733
32.8701469898
32.8723099232
32.855825901
32.8574180603
32.8599538803
32.8006138802
32.8461639881
32.8568789959
32.885160923
32.8746421337
32.8816418648
32.8875799179
32.8574337959
32.8638060093
32.895195961
32.8782260418
32.9243350029
32.8301200867
32.8000218868
32.8983011246
32.8139529228
32.9030439854
32.8143541813
32.9045290947
32.890378952
32.9459199905
32.8752110004
32.9327390194
32.8145148754
32.8742029667
32.9385828972
32.9454529285
32.8417448997
32.8815438747
32.9223539829
32.9399368763
32.9466378689
32.9460771084
32.955124855
32.9392271042
32.9368209839
32.9923250675
32.9671151638
32.9586081505
32.9467778206
33.0099971294
32.922960043
32.9688608646
32.9956181049
32.9324190617
33.0178749561
33.004142046
32.8824658394
32.9535148144
32.9362540245
32.9764719009
32.9550368786
32.9794359207
33.0179829597
32.9454469681
32.9544260502
32.9387261868
32.9759230614
32.9641430378
32.975276947
33.0018150806
33.004502058
32.9747428894
32.9504561424
32.9665448666
32.990776062
32.9781980515
32.9714770317
33.0133230686
33.0571928024
33.0122220516
32.9850940704
33.0089020729
33.0203430653
32.993252039
